Year: 2011  Month: 02  ID: KMS  ARGOS: 21364  Name: Kominko-Slade       
Lat: 79.47S  Lon: 112.11W  Elev: 1801m
2011  32  2  1 0000  -22.0  786.0    3.1   35.0   57.5   -0.1
2011  32  2  1 0300  -26.8  785.2    2.7   45.0   65.0    0.9
2011  32  2  1 0600  -31.9  784.2    3.9   46.0   73.8    0.8
2011  32  2  1 0900  -32.1  784.0    5.8   25.0   70.7    0.1
2011  32  2  1 1200  -26.8  783.8    6.0   19.0   74.7   -0.1
2011  32  2  1 1500  -25.1  783.0    7.2   18.0   67.6    0.4
2011  32  2  1 1800  -24.4  782.9    7.4    4.0   58.0   -0.1
2011  32  2  1 2100  -24.0  783.0    8.6    7.0   61.9    0.2
2011  33  2  2 0000  -24.0  783.3    7.2  355.0   67.2    0.8
2011  33  2  2 0300  -25.8  783.2    6.6   19.0   70.3    0.9
2011  33  2  2 0600  -30.2  783.6    3.7   33.0   71.2    1.1
2011  33  2  2 0900  -33.9  783.4    4.3   45.0   69.4    0.5
2011  33  2  2 1200  -26.6  783.7    4.3   42.0   72.9    0.2
2011  33  2  2 1500  -28.5  783.5    4.1   26.0   69.0    0.2
2011  33  2  2 1800  -24.0  783.2    7.4   29.0   65.0   -0.2
2011  33  2  2 2100  -22.5  783.3    7.2   16.0   64.6    0.2
2011  34  2  3 0000  -22.6  783.6    6.6   12.0   65.4    0.2
2011  34  2  3 0300  -25.6  783.6    3.3   47.0   68.1    1.2
2011  34  2  3 0600  -28.8  783.8    5.3   16.0   78.2    0.6
2011  34  2  3 0900  -25.1  784.3    6.6   23.0   78.6    0.0
2011  34  2  3 1200  -24.9  784.8    7.0   33.0   77.3   -0.1
2011  34  2  3 1500  -22.8  785.5    8.2   30.0   73.8    0.4
2011  34  2  3 1800  -21.5  785.9    9.0   30.0   70.7   -0.1
2011  34  2  3 2100  -21.2  786.3   11.1   32.0   75.1    0.0
2011  35  2  4 0000  -21.2  786.7   10.7   22.0   74.7    0.2
2011  35  2  4 0300  -23.4  787.5    9.4   29.0   75.6    0.0
2011  35  2  4 0600  -24.2  788.1    9.4   36.0   75.6    0.0
2011  35  2  4 0900  -24.4  788.7    8.8   39.0   75.1   -0.1
2011  35  2  4 1200  -23.1  789.4    8.8   29.0   70.3    0.1
2011  35  2  4 1500  -21.9  789.6    8.6   23.0   71.6    0.0
2011  35  2  4 1800  -20.0  790.3    9.6   32.0   70.3    0.0
2011  35  2  4 2100  -19.5  791.1    7.6   19.0   64.6    0.0
2011  36  2  5 0000  -19.1  791.4    8.4   36.0   61.5    0.1
2011  36  2  5 0300  -23.4  791.6    5.5   49.0   71.2    0.5
2011  36  2  5 0600  -25.1  791.6    5.7   52.0   72.9    0.4
2011  36  2  5 0900  -27.2  791.7    4.7   59.0   73.4    0.0
2011  36  2  5 1200  -27.9  791.5    4.7   64.0   73.8    0.4
2011  36  2  5 1500  -22.2  791.5    3.3   54.0   69.0    0.0
2011  36  2  5 1800  -19.2  791.3    3.1   36.0   60.2   -0.6
2011  36  2  5 2100  -19.8  791.3    4.7   16.0   64.6    0.5
2011  37  2  6 0000  -18.0  791.4    2.7  305.0   62.8    0.5
2011  37  2  6 0300  -17.8  791.0    1.2   46.0   73.8    0.0
2011  37  2  6 0600  -18.5  790.7    1.0   64.0   80.4    0.4
2011  37  2  6 0900  -18.8  790.0    0.8  263.0   79.5    0.4
2011  37  2  6 1200  -17.4  789.2    0.2   81.0   61.9    0.2
2011  37  2  6 1500  -17.1  788.1    1.4  150.0   60.6    0.4
2011  37  2  6 1800  444.0  786.8    0.2  147.0   28.9    1.1
2011  37  2  6 2100  -16.1  785.1    2.9  205.0   47.4   -0.2
2011  38  2  7 0000  -18.4  783.8    3.7  146.0   65.0    0.1
2011  38  2  7 0300  -20.0  782.3    2.5  133.0   79.1   -0.2
2011  38  2  7 0600  -20.6  781.3    2.3  150.0   83.0    0.0
2011  38  2  7 0900  -23.1  780.2    3.5   88.0   78.6    0.0
2011  38  2  7 1200  -21.9  779.6    2.1  166.0   78.6    0.0
2011  38  2  7 1500  -21.2  779.0    2.9  133.0   65.9    0.1
2011  38  2  7 1800  -19.8  779.2    2.5   57.0   65.0   -0.1
2011  38  2  7 2100  -18.5  779.6    1.0   18.0   59.3   -0.1
2011  39  2  8 0000  -21.0  780.6    3.1   45.0   70.7   -0.1
2011  39  2  8 0300  -22.5  781.0    2.7   25.0   75.1    0.6
2011  39  2  8 0600  -26.9  781.6    2.1   35.0   78.6    1.0
2011  39  2  8 0900  -26.8  782.2    2.3   45.0   79.1    0.0
2011  39  2  8 1200  -26.2  783.2    2.3   35.0   70.3    1.2
2011  39  2  8 1500  -21.9  783.5    1.2   28.0   54.4    0.6
2011  39  2  8 1800  -20.6  783.7    1.8    8.0   45.2    0.4
2011  39  2  8 2100  -19.5  783.5    1.4  353.0   48.3    0.2
2011  40  2  9 0000  444.0  783.4    0.8   36.0   45.6   -0.5
2011  40  2  9 0300  -22.8  782.3    1.8   53.0   82.6    4.0
2011  40  2  9 0600  -31.4  781.3    1.9   60.0   74.7    0.2
2011  40  2  9 0900  -29.1  780.5    1.4   64.0   77.3   -0.1
2011  40  2  9 1200  -26.1  779.9    1.4   91.0   82.6    0.0
2011  40  2  9 1500  -23.1  779.0    1.6   63.0   72.5    1.5
2011  40  2  9 1800  -24.4  778.3    0.8  139.0   30.7   -0.5
2011  40  2  9 2100  444.0  778.2    1.0   71.0   17.9    0.0
2011  41  2 10 0000  -21.5  778.0    0.8  129.0   30.7    5.2
2011  41  2 10 0300  -26.4  777.7    1.8   52.0   62.4    2.1
2011  41  2 10 0600  -32.9  778.0    1.9   49.0   73.4    1.1
2011  41  2 10 0900  -26.6  778.6    2.1   18.0   80.8    2.1
2011  41  2 10 1200  -21.6  779.5    1.6   33.0   86.1    0.6
2011  41  2 10 1500  -19.1  780.0    1.9   11.0   67.6    0.6
2011  41  2 10 1800  -17.6  780.9    2.7   22.0   64.1    0.4
2011  41  2 10 2100  -19.1  781.5    2.9   38.0   61.5   -0.8
2011  42  2 11 0000  -17.9  782.6    2.3   68.0   67.6    0.9
2011  42  2 11 0300  -18.9  783.3    2.9   46.0   77.8    0.0
2011  42  2 11 0600  -19.5  784.3    4.3   18.0   86.1    0.0
2011  42  2 11 0900  -19.1  785.1    3.5   11.0   83.5    0.1
2011  42  2 11 1200  -19.6  786.3    2.7   40.0   79.1    0.0
2011  42  2 11 1500  -24.5  786.9    3.1   67.0   64.1    0.4
2011  42  2 11 1800  -23.4  787.3    3.1   70.0   54.9   -0.5
2011  42  2 11 2100  -21.9  787.6    4.3   59.0   64.1   -0.4
2011  43  2 12 0000  -22.0  788.2    3.5   50.0   65.0    0.1
2011  43  2 12 0300  -24.5  788.2    2.5   64.0   67.6    2.0
2011  43  2 12 0600  -29.6  788.5    3.7   46.0   75.6    0.8
2011  43  2 12 0900  -31.8  788.9    3.3   53.0   73.4    0.9
2011  43  2 12 1200  -23.8  789.2    4.5   52.0   78.2    0.1
2011  43  2 12 1500  -21.5  789.6    4.3   33.0   75.6    0.0
2011  43  2 12 1800  -20.0  789.6    7.4   43.0   74.2   -0.2
2011  43  2 12 2100  -19.0  789.8    7.2   50.0   74.7   -0.2
2011  44  2 13 0000  -18.4  789.8    7.2   32.0   77.3    0.0
2011  44  2 13 0300  -19.5  790.0    5.8   16.0   81.3    0.1
2011  44  2 13 0600  -20.6  790.1    6.6   14.0   83.5    0.0
2011  44  2 13 0900  -20.6  790.0    6.8    9.0   83.0    0.0
2011  44  2 13 1200  -21.0  790.3    5.1   12.0   81.3    0.1
2011  44  2 13 1500  -20.6  789.8    5.7   30.0   80.0    0.0
2011  44  2 13 1800  -19.5  789.8    6.4  353.0   66.8    0.0
2011  44  2 13 2100  -19.1  789.4    4.9    1.0   68.5    0.4
2011  45  2 14 0000  -19.5  788.8    5.5    8.0   75.6    0.2
2011  45  2 14 0300  -20.5  788.1    3.7  360.0   78.2    0.4
2011  45  2 14 0600  -21.2  787.6    4.3   18.0   84.4    0.0
2011  45  2 14 0900  -23.1  787.5    4.3    9.0   85.2    0.4
2011  45  2 14 1200  -21.0  787.9    6.0   16.0   82.6    0.0
2011  45  2 14 1500  -20.4  787.8    6.8   45.0   78.6   -0.1
2011  45  2 14 1800  -19.5  788.2    3.5   50.0   72.9   -0.2
2011  45  2 14 2100  -21.9  788.2    4.7   57.0   64.6   -0.6
2011  46  2 15 0000  -21.9  788.0    5.1   64.0   67.2    0.0
2011  46  2 15 0300  -23.5  787.2    8.0   71.0   71.6    0.8
2011  46  2 15 0600  -26.9  786.5    5.5   77.0   76.9    0.2
2011  46  2 15 0900  -25.9  785.8    9.6   63.0   76.4    0.4
2011  46  2 15 1200  -25.0  785.2    6.8   84.0   72.5    0.2
2011  46  2 15 1500  -22.1  783.8    8.4   74.0   80.4    0.1
2011  46  2 15 1800  -20.6  782.8   14.0   61.0   79.5    0.0
2011  46  2 15 2100  -19.5  783.3    9.9   60.0   79.1    0.0
2011  47  2 16 0000  -17.9  783.0    9.0   63.0   83.5    0.1
2011  47  2 16 0300  -18.0  782.1    9.9   71.0   86.6    0.1
2011  47  2 16 0600  -19.2  781.4    8.2   60.0   86.1    0.0
2011  47  2 16 0900  -18.6  781.2    9.4   67.0   87.0    0.0
2011  47  2 16 1200  -17.6  780.7    8.0   61.0   86.6    0.0
2011  47  2 16 1500  -16.9  780.1    5.5   61.0   83.0   -0.1
2011  47  2 16 1800  -16.9  780.0    4.1   40.0   76.4    0.0
2011  47  2 16 2100  -15.5  779.5    4.7   63.0   74.2    0.0
2011  48  2 17 0000  -16.1  778.5    4.3   66.0   77.8    0.1
2011  48  2 17 0300  -19.2  777.8    2.5   85.0   77.3    0.4
2011  48  2 17 0600  -22.0  777.5    3.3   81.0   83.5    0.2
2011  48  2 17 0900  -23.4  777.5    4.9   40.0   83.9    0.4
2011  48  2 17 1200  -22.5  778.0    5.8   43.0   80.4   -0.2
2011  48  2 17 1500  -21.5  778.6    5.8   32.0   78.6    0.1
2011  48  2 17 1800  -17.4  779.1    6.6   45.0   72.9    0.0
2011  48  2 17 2100  -15.5  779.7    7.0   29.0   76.9    0.1
2011  49  2 18 0000  -15.4  780.4    5.8   43.0   76.0    0.1
2011  49  2 18 0300  -16.1  780.4    7.0   49.0   87.9    0.2
2011  49  2 18 0600  -16.1  781.2    5.7   45.0   89.6    0.0
2011  49  2 18 0900  -16.9  781.7    7.4   46.0   89.2    0.0
2011  49  2 18 1200  -16.5  782.1    8.2   46.0   84.4    0.1
2011  49  2 18 1500  -18.8  782.5    5.7   60.0   80.0    0.0
2011  49  2 18 1800  -17.9  782.2    7.8   47.0   79.1    0.0
2011  49  2 18 2100  -17.1  782.0    7.8   60.0   76.4    0.0
2011  50  2 19 0000  -16.8  781.8    7.4   54.0   82.6    0.0
2011  50  2 19 0300  -17.1  781.9    7.0   59.0   84.4    0.0
2011  50  2 19 0600  -21.9  782.2    5.8   54.0   81.3    0.0
2011  50  2 19 0900  -20.8  782.1    5.3   61.0   80.8    0.0
2011  50  2 19 1200  -23.1  781.6    7.0   77.0   77.8    0.4
2011  50  2 19 1500  -23.4  781.4    5.8   76.0   71.6    0.4
2011  50  2 19 1800  -22.9  780.8    6.4   66.0   70.3    0.0
2011  50  2 19 2100  -21.6  780.3    3.9   67.0   69.0    0.2
2011  51  2 20 0000  -20.6  779.6    3.3   38.0   71.2    0.6
2011  51  2 20 0300  -20.2  779.0    4.7   43.0   83.5    0.4
2011  51  2 20 0600  -20.2  779.5    5.1   53.0   83.9    0.0
2011  51  2 20 0900  -22.5  779.9    4.1   49.0   83.5    0.2
2011  51  2 20 1200  -22.1  780.7    4.1   40.0   82.2    0.0
2011  51  2 20 1500  -20.4  781.6    4.7   25.0   77.8    0.2
2011  51  2 20 1800  -18.2  782.8    4.5   12.0   71.6    0.5
2011  51  2 20 2100  -17.6  783.8    3.3   12.0   64.6    0.9
2011  52  2 21 0000  -20.9  785.1    2.3   50.0   68.1    0.0
2011  52  2 21 0300  -25.1  786.0    2.3   42.0   79.1    1.5
2011  52  2 21 0600  -27.6  787.7    5.1   46.0   78.2    0.6
2011  52  2 21 0900  -31.1  789.3    3.7   56.0   74.7    0.9
2011  52  2 21 1200  -26.6  791.5    5.8   49.0   80.8    0.1
2011  52  2 21 1500  -20.2  793.2    3.9   57.0   87.0   -0.1
2011  52  2 21 1800  -17.4  794.7    4.7   56.0   78.2    0.1
2011  52  2 21 2100  -16.5  795.5    5.8   64.0   76.0    0.1
2011  53  2 22 0000  -18.1  796.5    4.3   76.0   70.3    0.6
2011  53  2 22 0300  -23.1  796.5    3.9   64.0   79.1    0.6
2011  53  2 22 0600  -19.5  796.4    3.5   40.0   87.0    0.0
2011  53  2 22 0900  -18.5  795.7    3.3   12.0   87.9    0.1
2011  53  2 22 1200  -18.4  794.5    4.5    8.0   86.6    0.1
2011  53  2 22 1500  -17.9  793.0    3.7    2.0   80.8    0.4
2011  53  2 22 1800  -16.8  791.2    3.5    7.0   76.0    0.4
2011  53  2 22 2100  -16.5  789.2    4.3  355.0   75.1    0.2
2011  54  2 23 0000  -17.1  787.3    4.7    2.0   80.4    0.1
2011  54  2 23 0300  -17.9  785.1    5.1  347.0   86.6    0.1
2011  54  2 23 0600  -18.1  783.2    3.5  333.0   88.3    0.2
2011  54  2 23 0900  -23.6  781.0    1.0  338.0   83.5    0.1
2011  54  2 23 1200  -23.4  779.1    4.3  274.0   83.9   -0.1
2011  54  2 23 1500  -22.0  777.5    3.1  237.0   85.7   -0.1
2011  54  2 23 1800  -20.9  776.2    4.1  202.0   87.0    0.0
2011  54  2 23 2100  -20.4  775.1    4.9  170.0   75.1    0.0
2011  55  2 24 0000  -20.2  773.9    3.3  189.0   80.4    0.1
2011  55  2 24 0300  -21.9  772.3    4.5  189.0   85.7    0.0
2011  55  2 24 0600  -22.6  770.9    2.9  168.0   84.4    0.0
2011  55  2 24 0900  -24.4  769.7    2.5  154.0   83.0   -0.2
2011  55  2 24 1200  -25.0  769.2    3.9  122.0   82.6   -0.4
2011  55  2 24 1500  -26.0  768.6    2.9  132.0   79.1    0.2
2011  55  2 24 1800  -27.9  768.7    1.8   90.0   52.7   -0.8
2011  55  2 24 2100  -29.1  768.9    3.9   57.0   56.6   -0.8
2011  56  2 25 0000  -23.1  769.9    5.8   23.0   77.3    0.6
2011  56  2 25 0300  -24.6  771.2    4.3   52.0   78.6   -0.2
2011  56  2 25 0600  -24.9  772.2    4.3   43.0   79.5    0.0
2011  56  2 25 0900  -25.0  773.3    6.8   39.0   80.8    0.0
2011  56  2 25 1200  -25.5  774.7    7.6   32.0   79.1   -0.2
2011  56  2 25 1500  -25.8  775.8    5.3   36.0   69.4    0.5
2011  56  2 25 1800  -25.5  776.4    7.2   36.0   71.2    0.0
2011  56  2 25 2100  -27.2  777.1    4.9   35.0   70.3    0.1
2011  57  2 26 0000  -24.6  777.7    6.0   39.0   76.4   -0.4
2011  57  2 26 0300  -27.2  777.7    6.4   46.0   74.2    0.4
2011  57  2 26 0600  -33.1  777.6    6.2   40.0   72.5    0.6
2011  57  2 26 0900  -29.8  777.9    6.8   29.0   76.4   -0.1
2011  57  2 26 1200  -27.5  777.9    4.9   28.0   77.8    0.0
2011  57  2 26 1500  -27.1  777.5    5.7   40.0   75.1    0.1
2011  57  2 26 1800  -27.5  777.4    5.3   42.0   66.3    0.0
2011  57  2 26 2100  -26.1  777.2    5.5   47.0   68.5    0.1
2011  58  2 27 0000  -25.1  777.2    3.1   56.0   72.0    0.0
2011  58  2 27 0300  -25.0  776.7    4.7   63.0   78.2   -0.1
2011  58  2 27 0600  -28.2  777.0    3.1   43.0   76.9    0.8
2011  58  2 27 0900  -27.2  777.1    1.6   52.0   79.5    0.1
2011  58  2 27 1200  -27.2  777.0    2.7   54.0   80.8    1.2
2011  58  2 27 1500  -29.8  776.7    3.5   70.0   75.6    0.8
2011  58  2 27 1800  -28.6  776.6    2.7   73.0   58.0    0.0
2011  58  2 27 2100  -27.9  777.0    2.7   59.0   59.7    0.0
2011  59  2 28 0000  -28.4  777.5    2.5   43.0   63.2    1.2
2011  59  2 28 0300  -31.6  778.4    2.9   57.0   74.2    2.6
2011  59  2 28 0600  -35.8  779.3    2.9   66.0   69.8    1.8
2011  59  2 28 0900  -34.6  780.3    2.7   59.0   73.8    3.6
2011  59  2 28 1200  -34.4  781.7    2.7   97.0   71.2    2.5
2011  59  2 28 1500  -34.0  782.4    2.1   73.0   74.2    0.6
2011  59  2 28 1800  -30.6  783.3    2.5   97.0   47.4   -0.4
2011  59  2 28 2100  -27.0  784.4    2.5   94.0   49.2   -0.2
