#USPS	GEOID	ALAND	AWATER	ALAND_SQMI	AWATER_SQMI	INTPTLAT	INTPTLONG                                                                                                                             
AL	0101	15713789797	2275081406	6067.128	878.414	31.001891	-87.788121                                                                                                                                    
AL	0102	26270297702	303013631	10143.019	116.994	31.702085	-86.076842                                                                                                                                    
AL	0103	19537542897	471443391	7543.488	182.025	33.150564	-85.700228                                                                                                                                     
AL	0104	23022180229	573042496	8888.914	221.253	34.11818	-87.213808                                                                                                                                      
AL	0105	9526355908	459160130	3678.147	177.283	34.755297	-86.711804                                                                                                                                      
AL	0106	10804487081	176314086	4171.636	68.075	33.260212	-86.71343                                                                                                                                       
AL	0107	26300824155	333842824	10154.805	128.897	32.449235	-87.640501                                                                                                                                    
AK	0200	1478942847588	245378425142	571023.05	94741.144	63.347356	-152.839733                                                                                                                            
AZ	0401	142540174317	358316318	55035.071	138.347	34.971013	-110.725925                                                                                                                                  
AZ	0402	20415842591	18975875	7882.601	7.327	31.916618	-109.938728                                                                                                                                       
AZ	0403	40631916586	8021754	15688.071	3.097	32.422322	-112.401298                                                                                                                                       
AZ	0404	86040099079	450608780	33220.269	173.981	34.590918	-113.203319                                                                                                                                   
AZ	0405	760302116	2222453	293.554	0.858	33.337434	-111.714412                                                                                                                                           
AZ	0406	1618997504	10687128	625.098	4.126	33.665518	-111.888589                                                                                                                                         
AZ	0407	530194546	1471911	204.709	0.568	33.427819	-112.118768                                                                                                                                           
AZ	0408	1398984849	3357498	540.151	1.296	33.693039	-112.299866                                                                                                                                          
AZ	0409	427461455	2209836	165.044	0.853	33.406007	-111.949996                                                                                                                                           
AR	0501	49936114692	1385759154	19280.442	535.045	35.293909	-91.258306                                                                                                                                   
AR	0502	12887838553	308511494	4976.022	119.117	35.099375	-92.378719                                                                                                                                     
AR	0503	13985796370	374570697	5399.946	144.623	36.138288	-94.062449                                                                                                                                     
AR	0504	57851018094	1053108736	22336.404	406.608	34.2242	-93.221113                                                                                                                                     
CA	0601	72832710500	1862150978	28120.868	718.981	40.731988	-121.510516                                                                                                                                  
CA	0602	33547166416	4121540969	12952.634	1591.336	40.094059	-123.464974                                                                                                                                 
CA	0603	16017918076	455618509	6184.553	175.915	39.031952	-122.089573                                                                                                                                    
CA	0604	33247237344	858181624	12836.831	331.346	37.982452	-119.927973                                                                                                                                   
CA	0605	4482242169	319134942	1730.603	123.219	38.515718	-122.462466                                                                                                                                     
CA	0606	453281924	10715312	175.013	4.137	38.594033	-121.479768                                                                                                                                          
CA	0607	1421621444	13505824	548.891	5.215	38.479477	-121.215371                                                                                                                                         
CA	0608	85192565830	384231703	32893.035	148.353	35.663147	-116.819796                                                                                                                                   
CA	0609	3239965355	140670622	1250.958	54.313	38.010406	-121.306562                                                                                                                                      
CA	0610	4714492680	54132138	1820.276	20.901	37.586323	-121.054426                                                                                                                                       
CA	0611	1268261958	101762202	489.679	39.291	37.903869	-122.000933                                                                                                                                       
CA	0612	100998610	211591694	38.996	81.696	37.785514	-122.434                                                                                                                                            
CA	0613	250701468	127070452	96.796	49.062	37.778962	-122.239248                                                                                                                                         
CA	0614	673063893	827178439	259.871	319.375	37.574978	-122.494352                                                                                                                                       
CA	0615	1549309489	73721922	598.192	28.464	37.643129	-121.835321                                                                                                                                        
CA	0616	7360934331	112169037	2842.073	43.309	37.108653	-120.518867                                                                                                                                      
CA	0617	480210528	21977820	185.41	8.486	37.441028	-121.966578                                                                                                                                           
CA	0618	1802223112	329968045	695.842	127.401	37.202203	-122.153806                                                                                                                                      
CA	0619	2372158274	15278128	915.895	5.899	37.223357	-121.525695                                                                                                                                         
CA	0620	12626762383	1572298761	4875.22	607.068	36.373286	-121.275218                                                                                                                                    
CA	0621	17431265691	33795774	6730.25	13.049	36.086714	-119.8515                                                                                                                                         
CA	0622	3018251260	9690476	1165.353	3.742	36.476928	-119.389571                                                                                                                                         
CA	0623	25644731063	99328695	9901.486	38.351	35.610684	-118.539057                                                                                                                                      
CA	0624	17825152679	3683942581	6882.33	1422.378	34.919633	-120.112845                                                                                                                                   
CA	0625	4379039987	30710591	1690.757	11.857	34.588065	-118.28027                                                                                                                                        
CA	0626	2431670449	807789047	938.873	311.889	34.167023	-119.129955                                                                                                                                      
CA	0627	1812769542	7530094	699.914	2.907	34.265083	-117.934887                                                                                                                                          
CA	0628	565803325	2402327	218.458	0.928	34.250058	-118.291452                                                                                                                                           
CA	0629	238963490	1012709	92.264	0.391	34.266695	-118.430313                                                                                                                                            
CA	0630	352055158	4978801	135.929	1.922	34.201899	-118.546954                                                                                                                                           
CA	0631	569613693	3200041	219.929	1.236	34.109642	-117.353314                                                                                                                                           
CA	0632	321805122	5259159	124.25	2.031	34.089564	-117.914142                                                                                                                                            
CA	0633	747643058	489466749	288.667	188.984	34.047026	-118.783155                                                                                                                                       
CA	0634	123480830	763932	47.676	0.295	34.074612	-118.228371                                                                                                                                             
CA	0635	437282253	356550	168.836	0.138	34.044749	-117.583463                                                                                                                                            
CA	0636	15319927370	194684676	5915.057	75.168	33.729954	-115.739513                                                                                                                                     
CA	0637	143130944	351885	55.263	0.136	34.016897	-118.371764                                                                                                                                             
CA	0638	262677053	3804495	101.42	1.469	33.939479	-118.062604                                                                                                                                            
CA	0639	531506248	1084910	205.216	0.419	33.938664	-117.825766                                                                                                                                           
CA	0640	149399674	1742635	57.684	0.673	33.969867	-118.179207                                                                                                                                            
CA	0641	820074402	4164961	316.633	1.608	33.918075	-117.29742                                                                                                                                            
CA	0642	2424785435	44073441	936.215	17.017	33.679949	-117.227525                                                                                                                                        
CA	0643	186695021	442003	72.083	0.171	33.90311	-118.336303                                                                                                                                              
CA	0644	207101512	65976773	79.962	25.474	33.81875	-118.250983                                                                                                                                           
CA	0645	856232800	5077956	330.593	1.961	33.706556	-117.671983                                                                                                                                           
CA	0646	187044506	980999	72.218	0.379	33.790804	-117.896363                                                                                                                                             
CA	0647	560137478	1171345472	216.27	452.259	33.367336	-118.480709                                                                                                                                       
CA	0648	378000449	286258721	145.947	110.525	33.622297	-117.910238                                                                                                                                       
CA	0649	1433623271	511256286	553.525	197.397	33.314647	-117.379565                                                                                                                                      
CA	0650	7225002257	37984914	2789.589	14.666	33.113623	-116.622253                                                                                                                                       
CA	0651	12408786752	869500460	4791.06	335.716	32.995575	-115.525534                                                                                                                                     
CA	0652	691895521	296445718	267.142	114.458	32.857195	-117.165327                                                                                                                                       
CA	0653	352382739	5270106	136.056	2.035	32.717992	-117.0315                                                                                                                                             
CO	0801	491057119	7105198	189.598	2.743	39.732286	-104.908758                                                                                                                                           
CO	0802	19523779231	236617685	7538.174	91.359	40.137084	-105.709084                                                                                                                                     
CO	0803	128799274401	390234459	49729.68	150.67	38.743254	-107.344849                                                                                                                                    
CO	0804	98681239500	441585328	38101.041	170.497	39.070683	-103.413853                                                                                                                                   
CO	0805	18818367758	61229377	7265.813	23.641	38.815414	-105.344165                                                                                                                                      
CO	0806	1226841042	21964775	473.686	8.481	39.755088	-104.765351                                                                                                                                         
CO	0807	878237366	26980116	339.089	10.417	39.827	-105.040443                                                                                                                                            
CT	0901	1749235119	51392379	675.383	19.843	41.928611	-73.017629                                                                                                                                         
CT	0902	5149167575	297797959	1988.105	114.98	41.653687	-72.206509                                                                                                                                       
CT	0903	1218397136	68664358	470.426	26.511	41.385685	-72.877302                                                                                                                                         
CT	0904	1193448624	214308365	460.793	82.745	41.196801	-73.388514                                                                                                                                        
CT	0905	3231442019	88600398	1247.667	34.209	41.694323	-73.209998                                                                                                                                        
CT	09ZZ	0	1095660734	0.	423.037	41.166607	-72.842465                                                                                                                                                    
DE	1000	5046731559	1399179670	1948.554	540.226	38.998566	-75.441644                                                                                                                                     
DC	1198	158316124	18709762	61.126	7.224	38.904247	-77.016517                                                                                                                                            
FL	1201	10406401679	3560493201	4017.934	1374.714	30.613546	-86.672897                                                                                                                                   
FL	1202	28500388457	9297664033	11004.062	3589.848	30.075257	-84.179287                                                                                                                                  
FL	1203	9234990530	720566398	3565.65	278.212	29.675577	-82.048764                                                                                                                                       
FL	1204	4065512008	1017607421	1569.703	392.9	30.548909	-81.839794                                                                                                                                       
FL	1205	9893730573	234367569	3819.991	90.49	30.448117	-83.324429                                                                                                                                        
FL	1206	5629843512	1315868987	2173.695	508.06	29.193038	-81.279601                                                                                                                                      
FL	1207	1017068226	111290693	392.692	42.97	28.687037	-81.244723                                                                                                                                         
FL	1208	4536000720	1711120965	1751.36	660.668	28.164649	-80.698906                                                                                                                                      
FL	1209	5988174406	797548705	2312.047	307.935	28.035332	-81.290612                                                                                                                                      
FL	1210	1130919732	205807764	436.651	79.463	28.543829	-81.512865                                                                                                                                        
FL	1211	6237680376	2054473973	2408.382	793.237	28.785915	-82.269694                                                                                                                                     
FL	1212	2223058115	1114069662	858.328	430.145	28.26381	-82.569869                                                                                                                                       
FL	1213	470670248	1120475611	181.727	432.618	27.827459	-82.78905                                                                                                                                        
FL	1214	714875267	233754326	276.015	90.253	28.013531	-82.486438                                                                                                                                         
FL	1215	2819249597	211705913	1088.518	81.74	28.196973	-81.980449                                                                                                                                        
FL	1216	3353366284	1583122413	1294.742	611.247	27.515038	-82.417727                                                                                                                                     
FL	1217	14436607874	2517041521	5574.006	971.835	27.227406	-81.58763                                                                                                                                     
FL	1218	3910537247	982702305	1509.867	379.423	27.137537	-80.381641                                                                                                                                      
FL	1219	1936022217	3172444026	747.502	1224.888	26.431446	-82.052035                                                                                                                                     
FL	1220	5592396789	639210495	2159.237	246.801	26.446199	-80.587196                                                                                                                                      
FL	1221	663372116	250730546	256.129	96.808	26.562631	-80.126245                                                                                                                                         
FL	1222	424107411	231481937	163.749	89.376	26.270726	-80.129921                                                                                                                                         
FL	1223	483878371	168069483	186.826	64.892	26.045369	-80.243921                                                                                                                                         
FL	1224	265293317	33054895	102.43	12.763	25.908466	-80.210911                                                                                                                                           
FL	1225	9076611978	439351205	3504.5	169.634	26.204284	-81.202959                                                                                                                                        
FL	1226	5657663074	11719979204	2184.436	4525.109	25.215749	-81.158374                                                                                                                                   
FL	1227	293301972	528567110	113.245	204.081	25.691263	-80.250152                                                                                                                                        
GA	1301	21048454728	2075282171	8126.854	801.271	31.317438	-81.942545                                                                                                                                    
GA	1302	24942799820	438642687	9630.469	169.361	31.816237	-84.419031                                                                                                                                     
GA	1303	9936173153	214839942	3836.378	82.95	33.150522	-84.728664                                                                                                                                        
GA	1304	1287990570	21222140	497.296	8.194	33.697638	-84.051433                                                                                                                                          
GA	1305	686323019	4964323	264.991	1.917	33.706985	-84.401119                                                                                                                                            
GA	1306	774214043	13890914	298.926	5.363	34.013049	-84.345662                                                                                                                                           
GA	1307	1017548965	25078337	392.878	9.683	34.040192	-84.082959                                                                                                                                          
GA	1308	22633653891	297707088	8738.903	114.945	31.779807	-83.451511                                                                                                                                     
GA	1309	13499488752	410246277	5212.182	158.397	34.506113	-83.68705                                                                                                                                      
GA	1310	18384794078	459253952	7098.409	177.319	33.424189	-83.062252                                                                                                                                     
GA	1311	2771535535	70474576	1070.096	27.21	34.180432	-84.651494                                                                                                                                         
GA	1312	21267823444	309317916	8211.553	119.428	32.413331	-82.223842                                                                                                                                     
GA	1313	1850114922	25643492	714.333	9.901	33.629101	-84.566453                                                                                                                                          
GA	1314	9385709466	51796319	3623.843	19.999	34.430586	-85.097876                                                                                                                                        
HI	1501	541344282	456757723	209.014	176.355	21.32264	-157.905954                                                                                                                                        
HI	1502	16092802887	11320894382	6213.466	4371.022	19.828167	-155.495042                                                                                                                                 
ID	1601	102098337366	1310336397	39420.39	505.924	45.29675	-116.035842                                                                                                                                   
ID	1602	111951594212	1081233250	43224.754	417.467	43.443926	-113.364262                                                                                                                                 
IL	1701	669015333	2073809	258.308	0.801	41.546671	-87.835747                                                                                                                                            
IL	1702	2798796598	25400161	1080.621	9.807	41.256208	-87.790115                                                                                                                                         
IL	1703	613518357	13408430	236.881	5.177	41.678977	-87.891975                                                                                                                                           
IL	1704	135812094	966145	52.437	0.373	41.831869	-87.710024                                                                                                                                              
IL	1705	247578728	1850393	95.591	0.714	41.930366	-87.830902                                                                                                                                             
IL	1706	980918511	27731687	378.735	10.707	42.175114	-88.219952                                                                                                                                          
IL	1707	161457248	5341167	62.339	2.062	41.863332	-87.732122                                                                                                                                             
IL	1708	532658994	10394861	205.661	4.013	42.009371	-88.096725                                                                                                                                           
IL	1709	272987502	1558240	105.401	0.602	42.052684	-87.810185                                                                                                                                            
IL	1710	776609576	32056228	299.851	12.377	42.280015	-87.939942                                                                                                                                          
IL	1711	725991808	16179507	280.307	6.247	41.642252	-88.147417                                                                                                                                           
IL	1712	12970809314	462276570	5008.058	178.486	37.993307	-89.427891                                                                                                                                     
IL	1713	15005248192	216248808	5793.559	83.494	39.515635	-89.519842                                                                                                                                      
IL	1714	4136813835	63273419	1597.233	24.43	42.025547	-88.445853                                                                                                                                         
IL	1715	38062868122	353435654	14696.156	136.462	38.905169	-88.442079                                                                                                                                    
IL	1716	20503121421	183536438	7916.3	70.864	41.391523	-88.799197                                                                                                                                        
IL	1717	17949493448	346787260	6930.338	133.895	41.389467	-90.218653                                                                                                                                     
IL	1718	27234862825	383347356	10515.44	148.011	40.227184	-90.069118                                                                                                                                     
IL	17ZZ	0	4070627355	0.	1571.678	42.175358	-87.422446                                                                                                                                                   
IN	1801	2996185337	625332715	1156.834	241.442	41.497032	-87.179837                                                                                                                                      
IN	1802	10252985546	131932610	3958.7	50.939	41.248724	-86.236798                                                                                                                                        
IN	1803	10826458632	135621321	4180.119	52.364	41.097767	-85.235042                                                                                                                                      
IN	1804	16451010978	69947159	6351.771	27.007	40.381088	-86.859412                                                                                                                                       
IN	1805	4985654863	40421720	1924.972	15.607	40.248632	-85.869599                                                                                                                                        
IN	1806	16075804696	107180115	6206.903	41.382	39.475219	-85.376338                                                                                                                                      
IN	1807	787483087	4511197	304.049	1.742	39.746873	-86.139006                                                                                                                                            
IN	1808	18791628013	280961566	7255.488	108.48	38.733017	-87.199347                                                                                                                                      
IN	1809	11622152406	145339896	4487.338	56.116	38.782938	-86.212246                                                                                                                                      
IA	1901	31206330301	228993190	12048.832	88.415	42.527337	-91.89628                                                                                                                                      
IA	1902	31755753500	433935058	12260.965	167.543	41.208515	-92.149188                                                                                                                                    
IA	1903	22763085914	154858503	8788.877	59.791	41.209543	-94.640381                                                                                                                                      
IA	1904	58934551297	268177989	22754.758	103.544	42.628638	-94.645098                                                                                                                                    
KS	2001	136083235011	595124422	52542.033	229.779	38.731595	-99.408037                                                                                                                                   
KS	2002	36633623171	527545211	14144.322	203.686	38.482278	-95.42464                                                                                                                                     
KS	2003	1961883880	32761339	757.488	12.649	38.895004	-94.790643                                                                                                                                         
KS	2004	37074975580	190336765	14314.729	73.489	37.554465	-97.743983                                                                                                                                     
KY	2101	31298437263	1217784201	12084.395	470.189	37.084603	-87.184938                                                                                                                                   
KY	2102	18602004158	388125420	7182.274	149.856	37.536465	-85.993232                                                                                                                                     
KY	2103	828118498	40437452	319.738	15.613	38.188936	-85.695108                                                                                                                                          
KY	2104	11328349069	294313554	4373.9	113.635	38.568973	-84.437006                                                                                                                                       
KY	2105	29096214387	312194956	11234.112	120.539	37.381357	-83.528368                                                                                                                                    
KY	2106	11129881446	114961381	4297.271	44.387	38.053447	-84.154778                                                                                                                                      
LA	2201	10444755659	14390562417	4032.743	5556.227	29.650554	-89.880453                                                                                                                                  
LA	2202	3292600018	517082356	1271.28	199.647	30.046744	-90.568499                                                                                                                                       
LA	2203	18089020703	5595070578	6984.21	2160.269	29.956114	-92.430776                                                                                                                                    
LA	2204	32210673963	1104876825	12436.611	426.595	31.792051	-93.179597                                                                                                                                   
LA	2205	37432625294	1116339965	14452.818	431.021	31.764836	-91.823332                                                                                                                                   
LA	2206	10445582548	1012450072	4033.062	390.909	30.295781	-91.008526                                                                                                                                    
ME	2301	8513857825	4731788829	3287.219	1826.954	43.846054	-69.91525                                                                                                                                     
ME	2302	71374405539	7013313898	27557.813	2707.856	45.510001	-69.08531                                                                                                                                   
MD	2401	10301426302	4035390212	3977.403	1558.073	38.768471	-75.958886                                                                                                                                   
MD	2402	903003117	440362296	348.651	170.025	39.339519	-76.428702                                                                                                                                        
MD	2403	788726610	252342676	304.529	97.43	39.15758	-76.676214                                                                                                                                           
MD	2404	771268630	48188249	297.788	18.606	39.056247	-76.592471                                                                                                                                          
MD	2405	3840026640	2066519525	1482.643	797.888	38.471817	-76.712036                                                                                                                                     
MD	2406	5056595136	97597258	1952.362	37.683	39.537867	-78.883588                                                                                                                                        
MD	2407	1264467325	14707427	488.214	5.679	39.28681	-76.996552                                                                                                                                           
MD	2408	2226478548	23967214	859.648	9.254	39.422295	-77.242003                                                                                                                                          
MA	2501	6086804957	129687068	2350.129	50.072	42.331044	-72.864178                                                                                                                                       
MA	2502	4216494009	221752857	1627.998	85.619	42.385042	-72.118691                                                                                                                                       
MA	2503	1962275132	76142426	757.639	29.399	42.589515	-71.572828                                                                                                                                         
MA	2504	1730844202	86335063	668.283	33.334	41.997215	-71.227536                                                                                                                                         
MA	2505	686683078	58452024	265.13	22.568	42.355366	-71.29844                                                                                                                                            
MA	2506	1364548163	864063095	526.855	333.617	42.617112	-70.885391                                                                                                                                       
MA	2507	162436013	97420390	62.717	37.614	42.316688	-71.009442                                                                                                                                           
MA	2508	844337599	448446785	326.001	173.146	42.194734	-70.944005                                                                                                                                        
MA	2509	3149967072	5148360724	1216.209	1987.793	41.694087	-70.4843                                                                                                                                      
MI	2601	64824921684	75781850581	25029.043	29259.537	46.157305	-86.436912                                                                                                                                
MI	2602	8644889315	7324920882	3337.811	2828.168	43.397541	-86.318863                                                                                                                                    
MI	2603	6813830375	174443730	2630.835	67.353	42.720027	-85.237276                                                                                                                                       
MI	2604	21910949099	516308406	8459.865	199.348	43.731553	-84.750399                                                                                                                                     
MI	2605	6084088391	4834857507	2349.08	1866.749	44.081876	-83.690011                                                                                                                                     
MI	2606	9188074502	4066057584	3547.536	1569.914	42.164052	-86.156052                                                                                                                                    
MI	2607	10950911572	525894996	4228.171	203.049	42.093608	-84.304955                                                                                                                                     
MI	2608	3893239792	99450702	1503.188	38.398	42.647773	-83.945354                                                                                                                                        
MI	2609	475515281	13435259	183.597	5.187	42.52966	-83.054722                                                                                                                                            
MI	2610	10740240564	5427736373	4146.83	2095.661	43.455904	-82.882407                                                                                                                                    
MI	2611	1085567405	55848049	419.14	21.563	42.530002	-83.453996                                                                                                                                          
MI	2612	1043596697	72390999	402.935	27.95	42.205381	-83.447043                                                                                                                                          
MI	2613	478942997	5360844	184.921	2.07	42.380381	-83.312553                                                                                                                                             
MI	2614	480169458	98070000	185.394	37.865	42.389224	-82.921841                                                                                                                                          
MI	26ZZ	0	4875244624	0.	1882.343	42.636317	-86.544742                                                                                                                                                   
MN	2701	31013752203	540214315	11974.477	208.578	43.898939	-93.711742                                                                                                                                    
MN	2702	6314201751	241412000	2437.927	93.21	44.478968	-92.853042                                                                                                                                        
MN	2703	1366025400	144548321	527.425	55.81	44.995926	-93.528802                                                                                                                                         
MN	2704	861446775	84223132	332.606	32.519	45.002713	-92.977366                                                                                                                                          
MN	2705	351547035	16683427	135.733	6.442	44.980962	-93.294145                                                                                                                                           
MN	2706	7460842730	409026974	2880.648	157.926	45.336807	-93.852055                                                                                                                                      
MN	2707	86581556608	5058864376	33429.327	1953.239	46.55302	-95.675905                                                                                                                                   
MN	2708	72283254582	12454422188	27908.722	4808.679	47.250358	-92.964051                                                                                                                                 
MS	2801	27384963763	404614348	10573.394	156.222	34.197518	-89.003512                                                                                                                                    
MS	2802	40280105511	950260170	15552.236	366.898	33.178215	-90.351401                                                                                                                                    
MS	2803	33034568330	341183630	12754.719	131.732	32.01493	-89.740589                                                                                                                                     
MS	2804	20834297750	2218285981	8044.168	856.485	30.994186	-89.090334                                                                                                                                    
MO	2901	583695003	27418506	225.366	10.586	38.728591	-90.296508                                                                                                                                          
MO	2902	1206235206	37560931	465.73	14.502	38.60297	-90.532337                                                                                                                                           
MO	2903	17745202559	368359087	6851.461	142.224	38.578171	-91.563185                                                                                                                                     
MO	2904	37313822590	744396550	14406.948	287.413	38.282425	-93.318995                                                                                                                                    
MO	2905	6281531524	89804380	2425.313	34.674	39.141444	-93.783898                                                                                                                                        
MO	2906	47132862833	528233781	18198.101	203.952	39.948014	-93.293542                                                                                                                                    
MO	2907	16243346813	248835701	6271.592	96.076	36.991061	-93.706352                                                                                                                                      
MO	2908	51545637188	442836779	19901.883	170.98	37.194128	-90.934515                                                                                                                                     
MT	3000	376973729130	3866634365	145550.377	1492.916	47.051177	-109.634817                                                                                                                               
NE	3101	22993091679	252763682	8877.683	97.593	41.374459	-96.828662                                                                                                                                      
NE	3102	1312817585	50848631	506.882	19.633	41.228622	-96.160905                                                                                                                                         
NE	3103	174651476449	1067493417	67433.315	412.162	41.539473	-100.222969                                                                                                                                 
NV	3201	270618467	16683	104.486	0.006	36.133543	-115.151542                                                                                                                                             
NV	3202	144774070355	1139466145	55897.583	439.95	40.651151	-117.329684                                                                                                                                  
NV	3203	7378721691	102768743	2848.94	39.679	35.663194	-115.153967                                                                                                                                       
NV	3204	132113879688	597384713	51009.456	230.652	38.085647	-116.026496                                                                                                                                  
NH	3301	6384304722	625319283	2464.994	241.437	43.46473	-71.200177                                                                                                                                       
NH	3302	16805810490	400652485	6488.76	154.693	43.764178	-71.721399                                                                                                                                      
NJ	3401	907184918	51078645	350.266	19.722	39.791975	-75.055921                                                                                                                                          
NJ	3402	5423979296	2034572043	2094.21	785.553	39.3933	-74.907257                                                                                                                                        
NJ	3403	2326504893	618533663	898.269	238.817	39.898974	-74.476343                                                                                                                                       
NJ	3404	1789729116	49646531	691.018	19.169	40.162983	-74.320152                                                                                                                                         
NJ	3405	2568217547	84246046	991.594	32.528	41.18625	-74.828137                                                                                                                                          
NJ	3406	557588892	493133638	215.286	190.4	40.351146	-74.206401                                                                                                                                          
NJ	3407	2512245188	46997049	969.983	18.146	40.631748	-74.789504                                                                                                                                         
NJ	3408	141502196	37910320	54.634	14.637	40.722569	-74.110096                                                                                                                                           
NJ	3409	246878485	19397659	95.32	7.489	40.860782	-74.073824                                                                                                                                             
NJ	3410	196398926	12310392	75.83	4.753	40.708964	-74.209045                                                                                                                                             
NJ	3411	1311154691	66903960	506.24	25.832	40.902019	-74.450539                                                                                                                                          
NJ	3412	1067532082	18353423	412.176	7.086	40.374216	-74.574057                                                                                                                                          
NM	3501	11916345802	16576043	4600.927	6.4	34.770634	-106.05175                                                                                                                                          
NM	3502	185821828661	408390188	71746.212	157.68	33.385261	-106.299442                                                                                                                                   
NM	3503	116460386484	301515882	44965.609	116.416	36.009852	-105.831857                                                                                                                                  
NY	3601	1683323496	3360666546	649.935	1297.561	40.983872	-72.549515                                                                                                                                     
NY	3602	468605592	376328809	180.93	145.301	40.685161	-73.294978                                                                                                                                         
NY	3603	659986402	302111406	254.822	116.646	40.860496	-73.505379                                                                                                                                        
NY	3604	286817732	168689006	110.741	65.131	40.636948	-73.60591                                                                                                                                          
NY	3605	134489220	193585603	51.927	74.744	40.596562	-73.827212                                                                                                                                          
NY	3606	77166237	711425	29.794	0.275	40.734862	-73.823455                                                                                                                                               
NY	3607	41802688	2679594	16.14	1.035	40.690959	-73.910504                                                                                                                                               
NY	3608	73604693	48109352	28.419	18.575	40.621438	-73.911077                                                                                                                                            
NY	3609	40269790	499820	15.548	0.193	40.642184	-73.947201                                                                                                                                               
NY	3610	36378247	23700025	14.046	9.151	40.703222	-74.006292                                                                                                                                             
NY	3611	168170344	130086200	64.931	50.227	40.566974	-74.126314                                                                                                                                          
NY	3612	38311803	7282928	14.792	2.812	40.751026	-73.95042                                                                                                                                               
NY	3613	26327561	7250425	10.165	2.799	40.838862	-73.932982                                                                                                                                              
NY	3614	74035360	38926429	28.585	15.03	40.809782	-73.837004                                                                                                                                             
NY	3615	37630162	6240676	14.529	2.41	40.824031	-73.891163                                                                                                                                               
NY	3616	203002822	76299095	78.38	29.459	40.939735	-73.791088                                                                                                                                            
NY	3617	991546750	149920110	382.838	57.884	41.159532	-73.919355                                                                                                                                         
NY	3618	3506482165	160088018	1353.86	61.81	41.411657	-74.080981                                                                                                                                         
NY	3619	20557256158	429646112	7937.201	165.887	42.227811	-74.425633                                                                                                                                     
NY	3620	3189759704	81563578	1231.573	31.492	42.748882	-73.988366                                                                                                                                        
NY	3621	39145639348	3341190552	15114.216	1290.041	44.008384	-74.609231                                                                                                                                  
NY	3622	13150245590	386663544	5077.338	149.292	42.870694	-75.662664                                                                                                                                     
NY	3623	19093117506	1602174040	7371.894	618.603	42.344244	-77.845808                                                                                                                                    
NY	3624	6186390932	3271939448	2388.579	1263.303	43.210319	-76.648094                                                                                                                                    
NY	3625	1321281878	1831798556	510.15	707.261	43.323395	-77.715489                                                                                                                                       
NY	3626	567625232	35592037	219.161	13.742	42.961825	-78.840983                                                                                                                                          
NY	3627	10289875131	3223385171	3972.943	1244.556	43.00085	-78.316882                                                                                                                                    
NC	3701	15207396232	525527498	5871.609	202.907	36.144824	-77.528263                                                                                                                                     
NC	3702	6987704442	95728195	2697.968	36.961	35.761249	-78.406773                                                                                                                                        
NC	3703	18694852532	10735993752	7218.123	4145.191	35.446967	-76.605286                                                                                                                                  
NC	3704	1897057088	17953666	732.458	6.932	36.102569	-79.062067                                                                                                                                          
NC	3705	10280084877	80697981	3969.163	31.158	36.265333	-80.979774                                                                                                                                       
NC	3706	10128868506	209016965	3910.778	80.702	36.014538	-79.47224                                                                                                                                       
NC	3707	15402377622	1122846486	5946.891	433.533	34.640593	-78.206501                                                                                                                                    
NC	3708	7651205128	123085809	2954.147	47.524	35.295479	-79.780527                                                                                                                                       
NC	3709	10035541788	85768298	3874.745	33.115	34.853079	-79.5357                                                                                                                                         
NC	3710	6708875895	107371884	2590.312	41.457	35.439187	-81.62936                                                                                                                                        
NC	3711	17106247669	190940612	6604.759	73.723	35.521414	-82.810244                                                                                                                                      
NC	3712	1087800779	56058070	420.002	21.644	35.273741	-80.856007                                                                                                                                         
NC	3713	4745315175	105103979	1832.177	40.581	35.847707	-80.450929                                                                                                                                       
ND	3800	178694310772	4414779956	68994.262	1704.556	47.442174	-100.460826                                                                                                                                
OH	3901	1778574181	27819773	686.711	10.741	39.336019	-84.346853                                                                                                                                         
OH	3902	8343242070	78486546	3221.344	30.304	39.018868	-83.551946                                                                                                                                        
OH	3903	590741115	11278360	228.086	4.355	39.966207	-82.947495                                                                                                                                           
OH	3904	12083262288	122337797	4665.374	47.235	40.387175	-83.935703                                                                                                                                      
OH	3905	14571376586	72983599	5626.04	28.179	41.155751	-84.044789                                                                                                                                        
OH	3906	18685758233	202720476	7214.612	78.271	39.771409	-81.575039                                                                                                                                      
OH	3907	10010061927	64516932	3864.907	24.91	40.481163	-82.392918                                                                                                                                        
OH	3908	6343937314	43013266	2449.408	16.608	39.899575	-84.160831                                                                                                                                        
OH	3909	1199270186	4316107859	463.041	1666.459	41.403253	-82.548119                                                                                                                                     
OH	3910	2925217664	15846009	1129.433	6.118	39.701363	-83.958697                                                                                                                                         
OH	3911	633588299	1310741580	244.63	506.08	41.613795	-81.527719                                                                                                                                         
OH	3912	5884320829	76709403	2271.949	29.618	40.225651	-82.611557                                                                                                                                        
OH	3913	2315409805	70711729	893.985	27.302	41.14963	-80.978697                                                                                                                                          
OH	3914	5063849520	3730278343	1955.163	1440.269	41.751164	-81.019475                                                                                                                                    
OH	3915	12273359764	99935973	4738.771	38.585	39.57786	-82.756205                                                                                                                                        
OH	3916	3121683618	31215207	1205.289	12.052	40.982155	-81.740604                                                                                                                                        
OK	4001	4227318589	142374678	1632.177	54.971	36.21174	-95.78958                                                                                                                                         
OK	4002	54380580503	1948894334	20996.46	752.472	35.143303	-95.441772                                                                                                                                    
OK	4003	88360946593	815345201	34116.354	314.807	36.107069	-98.839765                                                                                                                                    
OK	4004	25323549220	407850669	9777.477	157.472	34.586592	-97.750131                                                                                                                                     
OK	4005	5371759209	59260795	2074.048	22.881	35.307879	-96.989604                                                                                                                                        
OR	4101	7788396396	769451197	3007.117	297.087	45.721199	-123.341271                                                                                                                                     
OR	4102	179877899384	1885211282	69451.248	727.884	43.837494	-119.59685                                                                                                                                  
OR	4103	2782890496	82233095	1074.48	31.75	45.389998	-122.19909                                                                                                                                          
OR	4104	44736642461	2228087465	17272.915	860.269	43.472003	-123.273132                                                                                                                                  
OR	4105	13442585739	1205982700	5190.212	465.633	45.028357	-123.195184                                                                                                                                   
PA	4201	1653543734	45294832	638.437	17.488	40.332054	-75.113419                                                                                                                                         
PA	4202	162573798	8417220	62.77	3.25	40.046424	-75.059677                                                                                                                                               
PA	4203	136853341	4521279	52.839	1.746	40.003233	-75.198174                                                                                                                                             
PA	4204	1235211825	11513004	476.918	4.445	40.2208	-75.393165                                                                                                                                            
PA	4205	548501107	26318935	211.777	10.162	39.920522	-75.375241                                                                                                                                          
PA	4206	2364255959	27670806	912.844	10.684	40.024003	-75.776297                                                                                                                                         
PA	4207	2219440571	29732544	856.931	11.48	40.727822	-75.423219                                                                                                                                          
PA	4208	6906902470	178139367	2666.77	68.78	41.364475	-75.404679                                                                                                                                         
PA	4209	8533487453	92872793	3294.798	35.858	40.778673	-76.160221                                                                                                                                        
PA	4210	2797758787	100093120	1080.221	38.646	40.262409	-76.857876                                                                                                                                       
PA	4211	3892688684	113306548	1502.976	43.748	39.970744	-76.398021                                                                                                                                       
PA	4212	25629831564	242892193	9895.734	93.781	41.343882	-77.055262                                                                                                                                      
PA	4213	15592105004	92631440	6020.146	35.765	40.103155	-78.262444                                                                                                                                       
PA	4214	7375049510	52678787	2847.523	20.339	40.076173	-79.924782                                                                                                                                        
PA	4215	25212805019	226807286	9734.719	87.571	41.210853	-78.910328                                                                                                                                      
PA	4216	8576648776	2083798050	3311.463	804.559	41.632638	-80.136568                                                                                                                                     
PA	4217	2286472069	41236278	882.812	15.921	40.608755	-80.187126                                                                                                                                         
PA	4218	757655195	19985421	292.532	7.716	40.3712	-79.898931                                                                                                                                             
RI	4401	695511947	628736839	268.539	242.757	41.630677	-71.328672                                                                                                                                        
RI	4402	1982251412	694950149	765.352	268.322	41.569601	-71.615514                                                                                                                                       
SC	4501	4013391796	2196740429	1549.579	848.166	32.714063	-80.160624                                                                                                                                     
SC	4502	7827763709	225072848	3022.317	86.901	33.633062	-81.379289                                                                                                                                       
SC	4503	13646586838	518411512	5268.977	200.16	34.363867	-82.338204                                                                                                                                      
SC	4504	3366163252	44902476	1299.683	17.337	34.941701	-82.170156                                                                                                                                        
SC	4505	14260319091	264368390	5505.94	102.073	34.530228	-81.010938                                                                                                                                      
SC	4506	20883796160	864425365	8063.279	333.757	33.208208	-80.523987                                                                                                                                     
SC	4507	13868179930	960322201	5354.534	370.782	34.083478	-79.498848                                                                                                                                     
SD	4600	196342918877	3386737669	75808.428	1307.627	44.446796	-100.238176                                                                                                                                
TN	4701	10732047532	202993731	4143.667	78.376	36.212501	-82.799917                                                                                                                                      
TN	4702	6013841531	278138808	2321.957	107.39	36.05036	-83.821188                                                                                                                                        
TN	4703	11837052671	371925188	4570.312	143.601	35.761646	-84.509444                                                                                                                                     
TN	4704	15501004290	241821533	5984.971	93.368	35.262145	-86.628878                                                                                                                                      
TN	4705	3233135628	71983386	1248.321	27.793	36.187331	-87.074025                                                                                                                                        
TN	4706	16770961494	323308151	6475.305	124.83	36.194771	-85.778434                                                                                                                                      
TN	4707	23727521010	414946499	9161.247	160.212	35.633389	-87.833342                                                                                                                                     
TN	4708	17731431550	367990046	6846.144	142.082	35.850861	-89.10183                                                                                                                                      
TN	4709	1244962188	49494395	480.683	19.11	35.167634	-89.978861                                                                                                                                          
TX	4801	20380750336	950674366	7869.052	367.057	31.951678	-94.552046                                                                                                                                     
TX	4802	800566650	54051472	309.101	20.869	30.047369	-95.178292                                                                                                                                          
TX	4803	1245627237	97883357	480.939	37.793	33.159254	-96.612677                                                                                                                                         
TX	4804	26239733564	1008592665	10131.218	389.42	33.298288	-95.418063                                                                                                                                    
TX	4805	13064854223	493752345	5044.369	190.639	32.225795	-95.731668                                                                                                                                     
TX	4806	5565390659	255740421	2148.809	98.742	32.235054	-96.665879                                                                                                                                       
TX	4807	419774770	2958389	162.076	1.142	29.724165	-95.500307                                                                                                                                            
TX	4808	15681871158	410970396	6054.805	158.677	30.833241	-95.543603                                                                                                                                     
TX	4809	429418076	4950620	165.799	1.911	29.64547	-95.494207                                                                                                                                             
TX	4810	13136804238	183701301	5072.149	70.927	29.976625	-96.592155                                                                                                                                      
TX	4811	72091342857	567431063	27834.624	219.086	31.732302	-100.063687                                                                                                                                   
TX	4812	3733511648	86129566	1441.517	33.255	32.821328	-97.664515                                                                                                                                        
TX	4813	99328549452	762212180	38350.969	294.292	34.837689	-100.597872                                                                                                                                   
TX	4814	6341003100	2535520536	2448.275	978.97	29.433717	-94.892695                                                                                                                                      
TX	4815	20212890692	154220298	7804.241	59.545	27.750011	-98.263411                                                                                                                                      
TX	4816	1841189026	3570589	710.887	1.379	31.904721	-106.296796                                                                                                                                          
TX	4817	19815627118	308775421	7650.857	119.219	31.153602	-96.665768                                                                                                                                     
TX	4818	609969178	3884610	235.51	1.5	29.818554	-95.253558                                                                                                                                               
TX	4819	66914527228	282261489	25835.845	108.982	33.24529	-101.209738                                                                                                                                    
TX	4820	517668546	1020452	199.873	0.394	29.474317	-98.622461                                                                                                                                            
TX	4821	15335324943	91602879	5921.002	35.368	30.05789	-98.975368                                                                                                                                        
TX	4822	2677232539	60607925	1033.685	23.401	29.510737	-95.677411                                                                                                                                        
TX	4823	150371820749	447606631	58058.887	172.822	30.38921	-102.326756                                                                                                                                   
TX	4824	682771960	21158869	263.62	8.169	32.919473	-97.012724                                                                                                                                            
TX	4825	19742211949	315403643	7622.511	121.778	31.500791	-97.815913                                                                                                                                     
TX	4826	2351986864	188396176	908.107	72.74	33.187555	-97.134377                                                                                                                                         
TX	4827	23622889502	4534662739	9120.849	1750.843	28.782994	-96.841407                                                                                                                                   
TX	4828	24291594171	298988401	9379.037	115.44	27.848634	-98.913612                                                                                                                                      
TX	4829	485943144	9015475	187.624	3.481	29.688161	-95.199807                                                                                                                                            
TX	4830	923907333	32243459	356.723	12.449	32.658621	-96.799009                                                                                                                                          
TX	4831	5580999391	135791708	2154.836	52.429	30.828818	-97.535412                                                                                                                                       
TX	4832	481732800	34092609	185.998	13.163	32.920383	-96.653636                                                                                                                                          
TX	4833	549459147	16183782	212.147	6.249	32.756444	-97.106948                                                                                                                                           
TX	4834	21216109829	3363341767	8191.586	1298.594	26.773816	-97.925366                                                                                                                                   
TX	4835	1540484178	18890415	594.784	7.294	29.919291	-97.884302                                                                                                                                          
TX	4836	18456012224	1242102699	7125.906	479.579	30.429193	-94.43149                                                                                                                                     
UT	4901	50653440282	3222010621	19557.403	1244.025	40.960515	-111.332671                                                                                                                                 
UT	4902	104106443558	2476468097	40195.724	956.17	38.744947	-112.553127                                                                                                                                  
UT	4903	51991196193	457543486	20073.914	176.659	38.696764	-110.216402                                                                                                                                   
UT	4904	6603992766	373951035	2549.816	144.383	39.879317	-111.844453                                                                                                                                     
VT	5000	23872569964	1030754609	9217.251	397.977	44.058954	-72.671017                                                                                                                                    
VA	5101	10908062443	1767274727	4211.627	682.349	37.88072	-76.976288                                                                                                                                     
VA	5102	2858739123	5175493208	1103.765	1998.269	37.393697	-75.935724                                                                                                                                    
VA	5103	1619178071	406607377	625.168	156.992	36.913755	-76.56948                                                                                                                                        
VA	5104	9433217398	296493194	3642.186	114.477	36.961749	-77.157718                                                                                                                                      
VA	5105	25979420444	391920248	10030.711	151.321	37.332342	-78.723558                                                                                                                                    
VA	5106	15356000742	104883015	5928.985	40.496	38.136543	-79.199254                                                                                                                                      
VA	5107	8076345135	144693162	3118.294	55.866	37.820184	-77.902408                                                                                                                                       
VA	5108	386935828	28982247	149.397	11.19	38.779064	-77.13996                                                                                                                                            
VA	5109	23609000978	153094067	9115.487	59.11	37.000863	-81.324995                                                                                                                                       
VA	5110	3551935302	37308652	1371.41	14.405	39.076162	-77.855958                                                                                                                                         
VA	5111	479374673	21290829	185.088	8.22	38.78906	-77.294622                                                                                                                                             
WA	5301	16011201313	1096294151	6181.96	423.282	48.367489	-121.657912                                                                                                                                    
WA	5302	2639276329	2687132201	1019.03	1037.508	48.375395	-122.5977                                                                                                                                      
WA	5303	23614757377	1216260406	9117.709	469.601	46.270915	-122.26225                                                                                                                                    
WA	5304	49848533001	807764492	19246.627	311.88	47.294627	-119.707178                                                                                                                                    
WA	5305	40076226444	598769003	15473.518	231.186	47.573205	-117.867549                                                                                                                                   
WA	5306	17877060272	5096298491	6902.372	1967.692	47.638858	-123.55094                                                                                                                                   
WA	5307	372842077	338936431	143.955	130.864	47.578426	-122.391357                                                                                                                                       
WA	5308	19061370175	366811522	7359.636	141.627	47.362385	-121.039385                                                                                                                                    
WA	5309	475558798	105844254	183.614	40.867	47.45873	-122.258471                                                                                                                                         
WA	5310	2142137760	234627733	827.084	90.59	47.041722	-122.755815                                                                                                                                        
WV	5401	16254935454	175271820	6276.066	67.673	39.381986	-80.268497                                                                                                                                      
WV	5402	20769717861	122799518	8019.233	47.413	38.838754	-80.173761                                                                                                                                      
WV	5403	25241645319	191132847	9745.854	73.797	37.991178	-81.218263                                                                                                                                      
WI	5501	4475468891	2523745477	1727.988	974.424	42.695239	-88.04635                                                                                                                                      
WI	5502	11750545986	188998048	4536.911	72.973	42.984295	-89.750866                                                                                                                                      
WI	5503	28794057874	815058939	11117.448	314.696	44.056297	-90.891748                                                                                                                                    
WI	5504	332613673	2454554520	128.423	947.709	42.904859	-87.842394                                                                                                                                       
WI	5505	4897678337	165430005	1891.004	63.873	43.199598	-88.531528                                                                                                                                       
WI	5506	12740812855	7315824707	4919.256	2824.656	43.779244	-88.274423                                                                                                                                   
WI	5507	59671554485	7699258121	23039.317	2972.7	45.698997	-90.655335                                                                                                                                    
WI	5508	17629589556	8180776855	6806.823	3158.616	44.831256	-87.936811                                                                                                                                   
WY	5600	251458712294	1867503716	97088.756	721.047	42.989659	-107.544392                                                                                                                                 
PR	7298	8869135605	4922143005	3424.393	1900.45	18.217648	-66.410799                                                                                                                                     
